10 ADMIN                00000 00000.00   
10 ADMIN                00000 00000.00   
10 ADMIN                00000 00000.00   
10 ADMIN                00000 00000.00   
10 ADMIN                00000 00000.00   
10 ADMIN                00000 00000.00   
10 ADMIN                00000 00000.00   
10 ADMIN                00000 00000.00   
05 BOB JACOB            00001 10000.00   
10 ADMIN                00000 00000.00   
10 ADMIN                00000 00000.00   
09 BOOM                 00004 10000.00   
10 BOOM                 00004 00000.00   
